\\Name,Bb1,bb2,bb3,bb4,bb5,h1,h2,h3,h4,h5,p1,p2,p3,p4,p5


["hyphomicrobium spp.",7,4,1,6,2,3,2,9,10,4,26,8,7,2,9],
["alkalilimnicola ehrlichii",6,3,2,1,6,2,6,1,21,9,11,7,8,4,13],
["acanthopleuribacter pedis",7,12,20,8,7,0,8,10,0,0,4,11,2,0,11],
["tateyamaria spp.",14,18,14,19,4,1,2,4,0,3,2,3,6,8,3],
["coenonia anatina",1,11,11,32,17,1,0,18,1,2,0,0,3,2,3],
["flavobacterium gelidilacus",5,1,1,1,1,37,16,1,0,25,2,0,2,7,3],
["sideroxydans spp.",3,4,4,0,1,1,8,0,17,0,2,0,0,58,4],
["congregibacter spp.",11,6,13,3,2,24,6,4,0,20,3,1,4,4,2],
["elizabethkingia meningoseptica",19,0,1,0,0,0,0,0,0,4,1,15,12,32,19],
["quadrisphaera spp.",0,9,0,5,49,0,0,38,2,0,0,0,0,0,0],
["cellvibrio spp.",11,5,25,12,4,0,0,4,2,0,30,5,7,0,0],
["gramella spp.",25,0,47,0,4,0,0,0,0,1,7,4,15,0,2],
["gaetbulibacter saemankumensis",1,28,1,16,9,0,0,38,4,0,1,2,0,1,4],
["chelatococcus spp.",6,0,1,2,0,0,0,3,19,0,20,10,38,1,6],
["maribacter aquivivus",7,3,51,7,5,0,0,20,3,0,2,2,2,3,1],
["gramella echinicola",17,1,13,0,2,1,1,2,0,0,57,3,1,4,4],
["paracoccus zeaxanthinifaciens",15,15,20,9,4,1,1,10,5,1,3,7,11,1,3],
["desulforhopalus singaporensis",20,3,43,1,0,0,1,0,0,0,16,8,3,6,5],
["roseomonas spp.",9,6,5,10,1,9,8,10,9,5,11,12,5,6,1],
["veillonella spp.",8,14,8,15,8,1,2,27,2,0,3,8,6,0,5],
["rhodobaca bogoriensis",0,15,1,71,13,0,1,4,1,0,0,0,0,0,1],
["sporichthya spp.",5,1,1,15,0,2,1,8,0,2,4,2,3,62,1],
["microvirga subterranea",1,9,11,19,11,0,0,7,8,1,19,8,7,0,7],
["labrenzia aggregata",13,14,21,12,14,0,0,5,0,0,8,8,10,1,2],
["flagellimonas spp.",0,1,1,26,2,4,2,1,0,71,0,0,1,0,0],
["phyllobacterium myrsinacearum",31,1,16,3,1,0,1,1,11,1,1,13,10,2,17],
["gaetbulibacter marinus",3,7,1,0,3,0,21,1,61,5,5,1,0,1,0],
["thiococcus pfennigii",3,12,3,13,17,0,3,19,0,2,1,2,2,29,3],
["labrenzia spp.",13,7,4,4,14,0,1,20,22,0,6,5,15,0,0],
["albimonas spp.",6,1,49,1,4,1,1,0,0,4,13,8,17,1,5],
["winogradskyella thalassocola",9,38,15,15,9,0,2,3,0,7,1,0,1,8,4],
["bosea spp.",3,1,12,2,0,1,1,0,16,1,58,2,11,2,2],
["flavobacterium succinicans",26,1,9,0,0,0,4,2,0,32,2,11,2,11,12],
["desulfobacter spp.",23,1,0,0,0,0,0,0,0,15,2,13,11,30,18],
["alkaliflexus spp.",23,0,27,1,1,2,17,0,10,3,0,24,1,4,1],
["endozoicomonas spp.",9,7,8,13,9,0,0,11,13,1,6,12,8,5,12],
["sulfitobacter delicatus",5,22,1,29,4,1,1,45,0,5,0,0,1,0,1],
["blastomonas natatoria",4,11,9,32,11,4,0,11,4,3,4,4,8,3,7],
["psychroflexus spp.",0,1,2,3,0,54,21,0,2,32,1,0,0,0,0],
["skermanella spp.",6,7,11,6,12,2,3,9,21,5,12,9,6,4,3],
["leeuwenhoekiella marinoflava",2,2,2,1,8,0,0,94,2,0,4,0,1,1,0],
["sphaerobacter thermophilus",2,15,0,28,14,2,1,36,3,3,4,5,4,0,2],
["flavobacterium columnare",1,0,4,0,0,3,0,10,6,0,10,6,6,61,12],
["rhodovulum euryhalinum",0,4,0,0,11,0,0,96,4,2,0,2,2,0,0],
["salinimicrobium spp.",13,4,15,0,7,6,1,5,0,1,22,8,8,22,9],
["porphyrobacter spp.",17,6,24,5,3,1,0,19,11,0,12,5,7,4,8],
["zhouia amylolytica",27,9,5,2,11,1,0,22,1,0,9,6,20,2,7],
["aureispira spp.",3,9,3,19,6,0,1,30,0,1,48,1,0,0,1],
["spirulina spp.",0,0,120,0,0,1,0,0,0,0,0,0,2,0,0],
["hoeflea alexandrii",13,12,34,6,5,2,3,3,14,7,4,3,12,1,6],
["rhodomicrobium spp.",20,2,25,4,10,0,1,8,14,0,2,13,15,4,8],
["pilimelia spp.",3,2,8,3,1,5,3,5,10,3,65,10,7,2,0],
["thiomicrospira spp.",2,3,4,8,4,0,11,18,34,0,1,1,3,33,5],
["flavobacterium denitrificans",41,0,64,0,0,0,1,0,0,0,5,6,6,1,5],
["methylotenera freshwater sediment",18,9,19,13,1,0,1,6,1,1,0,15,14,10,21],
["salinimonas spp.",1,3,0,0,116,1,1,3,0,1,1,0,1,1,0],
["desulfuromonas svalbardensis",17,7,0,3,2,28,10,2,15,8,1,18,6,10,2],
["candidatus_scalindua spp.",1,12,20,25,6,5,17,13,9,3,2,2,6,5,4],
["blastomonas spp.",3,11,13,20,18,4,0,12,9,1,28,8,3,0,2],
["schumannella spp.",7,1,21,1,8,0,0,0,0,1,11,27,37,12,6],
["sediminibacterium spp.",7,11,11,5,10,6,9,8,2,14,5,15,7,11,11],
["tistrella spp.",5,12,10,12,9,1,3,9,9,2,21,8,20,2,10],
["muricauda aquimarina",29,6,51,6,7,1,1,5,1,3,6,6,3,1,7],
["candidatus_amoebophilus spp.",15,10,9,43,8,1,0,26,5,2,10,0,1,2,1],
["rhodovibrio spp.",8,10,32,10,7,0,0,8,2,0,31,10,12,3,1],
["dongia spp.",8,8,8,29,3,0,4,3,7,1,30,15,9,4,6],
["scherffelia dubia",7,11,11,24,10,15,5,4,11,22,6,2,4,2,1],
["rhodanobacter lindaniclasticus",3,33,15,33,24,1,0,10,5,0,1,1,8,0,2],
["rhodovulum marinum",33,12,20,12,26,0,2,16,0,0,3,3,7,1,1],
["sbr1093 (candidate division)  sbr1093 (candidate division)",16,14,2,4,3,1,1,5,58,3,6,9,6,5,3],
["albidiferax spp.",30,8,3,14,6,8,4,37,0,4,2,5,3,4,9],
["desulfobacterium indolicum",17,0,0,1,0,14,20,1,3,3,5,19,4,16,34],
["micrococcales spp.",0,1,0,0,0,0,0,0,19,1,89,25,2,0,0],
["nisaea spp.",11,5,33,9,9,0,1,7,1,2,5,18,21,10,6],
["porticoccus spp.",8,3,13,10,10,3,0,20,6,8,22,2,18,13,4],
["loktanella salsilacus",8,8,42,5,9,1,0,8,25,6,5,10,10,0,3],
["lamprocystis spp.",1,1,2,2,0,61,42,1,0,27,0,0,2,1,0],
["op11 (candidate division)  op11 (candidate division)",7,0,0,0,1,3,30,0,50,1,15,29,1,1,2],
["acetivibrio spp.",17,0,0,3,0,12,18,1,0,2,0,2,7,73,6],
["thermolithobacter ferrireducens",1,20,10,27,20,1,1,14,12,0,5,6,11,3,12],
["bellilinea spp.",11,0,7,0,1,0,8,6,14,3,44,28,10,7,6],
["aminobacter spp.",12,15,38,3,13,0,0,18,2,0,8,10,19,4,3],
["simiduia spp.",6,18,57,9,6,0,0,13,3,11,11,6,3,0,3],
["algoriphagus hongiella hitoincola",8,15,20,4,13,1,0,22,0,0,28,1,12,0,22],
["sulfitobacter japonica",9,20,5,25,12,1,0,17,15,30,1,1,1,7,2],
["shewanella colwelliana",9,0,66,3,0,0,11,0,0,55,1,1,1,1,0],
["microbulbifer hydrolyticus",7,4,5,4,13,0,0,57,3,0,24,14,5,8,6],
["marinobacter alkaliphilus",18,1,39,1,0,1,0,3,0,0,20,26,29,4,9],
["filomicrobium fusiforme",9,18,0,52,17,5,2,24,6,7,1,3,2,3,2],
["azoarcus spp.",0,28,1,25,3,1,4,2,74,3,1,4,2,2,2],
["bizionia argentinensis",15,42,21,15,12,0,1,3,0,1,25,11,0,0,6],
["achromobacter spp.",23,7,9,9,5,10,13,16,5,6,3,11,7,20,9],
["clostridium spp.",8,0,62,10,6,4,10,1,0,29,1,3,0,17,2],
["gilvibacter spp.",4,9,14,17,5,19,18,13,1,40,2,0,0,10,2],
["lewinella nigricans",9,33,19,18,54,0,1,7,7,0,2,0,0,2,2],
["steroidobacter spp.",2,20,7,27,14,1,1,11,31,4,11,7,13,2,3],
["acidiphilium spp.",10,5,15,12,8,6,7,13,12,9,14,20,7,7,10],
["fibrobacter succinogenes",2,9,6,8,5,1,1,28,28,2,25,11,22,6,2],
["catellibacterium spp.",1,18,1,32,32,0,1,38,24,4,0,3,0,1,2],
["acidobacterium spp.",1,3,0,1,3,1,4,0,50,1,63,19,2,3,6],
["bacteriovorax marinus",0,5,1,13,2,0,0,37,13,0,0,1,8,76,2],
["shewanella benthica",5,33,10,60,9,3,2,18,3,2,1,2,1,6,3],
["hyphomonas jannaschiana",10,17,25,2,7,0,0,59,2,0,14,17,1,2,2],
["erythrobacter piscidermidis",5,18,20,27,17,0,0,61,0,0,1,4,1,3,2],
["neptunomonas spp.",5,32,7,32,2,13,4,7,3,38,2,2,2,11,1],
["marichromatium gracile",0,0,0,2,0,0,3,0,143,3,0,0,0,0,12],
["rhodopirellula baltica",9,25,8,13,14,34,10,13,2,24,0,3,6,2,1],
["olleya spp.",5,14,5,12,4,2,3,5,21,74,6,1,0,12,0],
["psychromonas ingrahamii",29,1,0,0,0,0,29,0,0,99,0,1,0,4,3],
["oceanicaulis spp.",19,12,32,12,6,0,4,15,3,1,11,23,11,5,13],
["candidatus_endobugula spp.",5,24,22,28,11,6,2,16,5,9,5,2,15,11,6],
["syntrophus spp.",22,1,0,2,0,17,29,0,29,2,23,29,0,11,7],
["candidatus_thiobios endosymbiont of_unidentified_scaly_snail",43,6,21,9,3,0,1,0,11,3,23,28,6,5,14],
["cyanospira rippkae",10,1,8,17,1,46,21,7,2,59,0,1,1,0,0],
["bacteriovorax spp.",8,15,5,14,8,20,15,17,21,7,5,3,13,16,7],
["thalassobius spp.",11,15,37,21,10,7,4,24,2,5,1,12,11,3,11],
["balneola alkaliphila",8,0,37,1,10,0,0,10,1,2,75,12,14,5,0],
["salinibacter spp.",1,4,0,5,2,0,0,163,1,0,0,0,0,0,0],
["coraliomargarita spp.",3,4,40,6,9,5,3,27,15,8,15,3,5,34,1],
["malonomas spp.",4,0,16,0,0,25,18,0,2,44,2,11,22,26,9],
["euzebya spp.",5,17,1,12,70,0,0,59,12,1,1,0,1,1,0],
["limnothrix redekei",4,1,138,2,2,11,5,4,1,9,1,0,2,0,1],
["roseibacillus spp.",0,10,3,34,18,3,5,83,6,4,2,9,3,2,0],
["rubrobacter xylanophilus",3,14,2,31,39,9,3,27,7,15,5,7,10,4,8],
["marinovum spp.",6,9,6,12,67,8,11,11,4,10,12,4,4,11,12],
["erythrobacter citreus",16,11,12,19,3,3,1,64,3,2,7,6,15,9,16],
["acinetobacter spp.",39,4,9,3,3,7,22,2,19,21,0,25,3,21,9],
["lysinibacillus bacillus massiliensis",24,0,0,0,0,0,1,0,1,0,8,120,3,6,26],
["methylocaldum spp.",14,22,12,14,18,1,4,20,55,5,12,4,4,2,3],
["lysinibacillus spp.",4,2,13,12,15,3,1,3,68,4,6,14,16,5,25],
["candidatus_brocadia spp.",7,26,19,29,15,11,3,35,3,4,17,3,10,5,5],
["lutibacterium anuloederans",26,6,36,4,6,1,1,32,0,3,17,24,10,19,7],
["shinella spp.",25,5,45,4,6,0,0,5,7,0,40,19,27,5,5],
["thioclava spp.",116,10,12,28,6,1,0,6,4,0,8,1,0,2,0],
["op9 (candidate division)  op9 (candidate division)",3,0,0,0,0,1,118,0,34,1,0,13,0,3,25],
["rhodoplanes elegans",5,4,10,3,3,0,0,0,2,0,160,11,1,0,0],
["thiohalocapsa spp.",21,6,7,20,6,23,13,7,19,11,8,6,8,27,18],
["glaciecola spp.",45,43,8,41,14,1,0,21,0,5,0,3,0,20,1],
["gemmatimonas spp.",19,3,3,2,8,4,17,28,36,2,47,22,2,6,4],
["lewinella marina",2,5,13,12,11,3,0,146,0,1,4,3,2,3,0],
["robiginitalea myxolifaciens",1,11,4,14,12,6,1,87,8,6,0,11,29,12,6],
["rubribacterium spp.",14,6,48,16,17,7,3,8,1,6,8,18,22,19,17],
["microbulbifer spp.",16,6,36,2,12,0,0,66,2,0,24,15,11,12,9],
["gammaproteobacteria thiobacillus prosperus",20,30,9,56,20,5,0,5,26,1,10,8,10,1,11],
["iamia spp.",4,15,11,22,21,2,3,70,17,4,16,7,14,5,1],
["limnohabitans spp.",13,6,13,9,14,10,11,20,19,20,17,24,13,15,11],
["dokdonia krokinobacter genikus",4,8,3,8,1,3,3,1,35,140,1,1,2,4,1],
["erythromicrobium ramosum",2,1,2,4,0,1,1,208,0,0,0,0,1,0,0],
["roseicyclus spp.",8,12,13,13,34,4,3,46,3,10,20,7,31,1,15],
["marinomonas sanya",1,0,0,0,115,0,0,0,103,2,0,0,0,0,1],
["tm6 (candidate division)  tm6 (candidate division)",7,20,0,27,9,18,51,15,36,13,5,13,2,3,4],
["gilvimarinus marine metagenome",34,6,17,3,10,0,0,19,8,0,34,22,52,3,16],
["gn06 (candidate division)  gn06 (candidate division)",17,0,3,0,0,30,54,0,4,13,2,16,15,40,32],
["thiorhodospira spp.",27,4,3,1,0,6,4,3,21,12,3,20,2,75,46],
["fabibacter spp.",4,16,65,19,19,13,3,22,0,37,8,6,8,3,4],
["yeosuana yeosuensis",3,1,112,0,4,1,2,2,8,6,25,12,3,6,42],
["flavobacteriales bacterium",1,7,1,12,7,19,29,73,6,69,0,0,0,4,1],
["nitrobacter spp.",15,34,10,23,37,1,3,10,26,1,7,50,11,1,3],
["cellulophaga spp.",5,95,20,48,34,1,0,10,1,11,1,4,0,1,1],
["thalassococcus spp.",17,41,32,62,23,3,0,10,0,0,1,15,19,3,7],
["candidatus_entotheonella spp.",5,21,9,22,14,5,10,20,40,6,26,21,18,14,8],
["calothrix spp.",10,5,19,24,6,76,23,16,15,41,0,1,1,3,0],
["geopsychrobacter electrodiphilus",2,2,86,4,0,5,1,37,2,10,30,16,26,6,13],
["pseudoalteromonas marina",37,2,1,24,3,5,32,3,75,55,0,0,3,2,0],
["nannocystis spp.",7,24,15,46,14,0,3,15,17,2,54,11,15,2,19],
["desulfurivibrio spp.",29,0,1,5,2,9,6,1,32,32,4,17,13,51,42],
["thermodesulfovibrio spp.",15,0,6,0,0,4,59,0,29,2,19,88,6,9,8],
["paracoccus alcaliphilus",1,19,2,176,13,0,0,30,0,1,2,1,0,0,1],
["ilumatobacter fluminis",8,24,20,43,35,10,6,28,4,9,21,7,12,0,20],
["spam (candidate division)  spam (candidate division)",16,9,39,5,11,6,8,1,7,0,57,31,49,4,8],
["owenweeksia hongkongensis",25,31,31,8,32,1,0,11,0,2,40,16,18,12,26],
["coleofasciculus microcoleus chthonoplastes",1,0,83,1,4,0,0,157,6,1,0,0,0,1,1],
["anaerophaga spp.",43,2,11,0,0,3,17,1,0,10,11,22,23,50,64],
["ferruginibacter spp.",18,12,61,16,14,2,3,23,17,3,26,18,16,15,13],
["zeaxanthinibacter enoshimensis",1,9,0,3,20,0,0,218,1,4,0,0,0,0,2],
["subsaxibacter spp.",21,17,52,6,67,0,1,48,2,2,6,11,11,7,8],
["oleiphilus spp.",22,21,17,47,9,6,6,51,7,19,5,9,7,25,9],
["salinisphaera spp.",0,21,1,74,35,0,2,114,13,0,0,0,0,1,0],
["nocardioides spp.",5,35,11,42,46,1,1,51,4,5,44,5,9,3,6],
["desulfonema spp.",1,1,1,2,2,87,35,5,34,85,0,0,2,19,4],
["croceibacter atlanticus",49,0,122,1,3,1,1,1,0,1,70,10,5,7,16],
["paracoccus spp.",48,18,31,42,25,9,9,44,9,25,4,2,12,6,3],
["sphingopyxis witflariensis",1,6,1,12,7,0,0,257,1,2,0,0,0,1,0],
["candidatus_aquiluna spp.",10,32,11,69,35,2,1,57,10,9,14,16,14,3,6],
["haematobacter massiliensis",10,14,66,26,42,0,0,30,5,0,48,8,34,2,5],
["massilia spp.",24,0,2,3,4,0,1,10,123,6,62,11,36,4,7],
["zhouia spp.",31,14,2,1,2,1,0,30,6,0,19,20,21,69,79],
["jannaschia donghaensis",5,9,23,13,19,3,2,202,8,4,3,3,1,3,0],
["meridianimaribacter spp.",6,4,63,22,7,7,5,14,0,33,36,18,10,23,50],
["burkholderia fungorum",16,12,23,19,14,21,24,25,21,14,31,22,15,23,19],
["tamlana crocina",9,166,25,50,33,0,1,9,0,3,0,1,0,1,3],
["kordiimonas spp.",34,10,46,31,25,3,2,42,17,3,20,24,27,9,8],
["sulfitobacter spp.",18,28,10,69,19,17,9,43,25,40,5,5,6,1,7],
["candidatus_cloacamonas spp.",28,1,1,0,0,49,75,0,0,9,1,24,8,88,19],
["reinekea blandensis",24,157,15,15,3,1,0,8,37,2,3,9,4,20,6],
["pelagicoccus spp.",7,54,77,27,19,2,0,27,10,2,10,29,30,3,9],
["tetracoccus cechii",27,21,49,28,25,18,14,16,2,48,7,10,24,10,10],
["bdellovibrio spp.",16,6,5,9,14,2,6,68,101,8,39,7,6,18,5],
["dokdonella spp.",79,42,49,26,37,0,0,3,1,0,9,28,30,0,10],
["tepidamorphus spp.",16,9,33,9,9,2,1,8,40,3,68,37,54,4,22],
["opitutus spp.",12,21,66,18,26,22,4,11,37,17,33,18,13,11,7],
["spirochaeta isovalerica",92,0,33,0,0,5,10,0,0,11,8,8,1,134,14],
["pseudolabrys spp.",4,0,4,3,0,0,2,4,33,2,229,20,15,0,3],
["geoalkalibacter spp.",5,4,10,0,6,5,8,1,189,13,30,7,8,15,19],
["coccinimonas marina",24,14,57,13,18,14,3,34,5,44,18,21,20,19,19],
["sphingopyxis spp.",4,17,25,20,44,1,0,177,2,0,17,8,7,0,1],
["desulfovibrio spp.",10,30,7,56,28,9,31,16,5,20,13,20,15,49,15],
["segetibacter spp.",0,13,10,2,241,1,1,30,17,2,1,1,3,1,2],
["truepera spp.",8,49,3,44,50,0,2,99,7,4,48,3,3,1,5],
["altererythrobacter spp.",18,10,56,7,11,0,0,70,9,2,86,22,14,9,13],
["smithella spp.",12,45,3,94,41,7,14,39,20,8,7,7,18,3,10],
["rhodoplanes spp.",4,4,4,5,3,1,2,3,57,5,190,20,25,6,1],
["polynucleobacter spp.",21,11,21,12,17,25,19,29,23,18,24,32,35,35,9],
["solirubrobacter spp.",15,2,26,15,13,7,3,35,11,3,93,32,31,34,11],
["caloramator spp.",22,0,1,0,1,4,76,10,150,20,10,20,6,7,7],
["nodosilinea leptolyngbya rozosum",3,11,45,3,148,0,1,117,4,0,2,0,0,0,0],
["phaselicystis spp.",17,9,29,13,14,9,16,11,41,12,75,28,29,9,22],
["parvibaculum spp.",15,12,45,25,15,4,6,24,13,1,72,32,42,12,21],
["desulfobacula spp.",32,0,8,0,1,6,9,0,0,27,1,70,61,44,81],
["saccharophagus degradans",14,32,66,28,35,0,0,90,9,1,5,22,9,7,22],
["flaviramulus spp.",6,22,3,33,4,37,19,5,0,71,4,5,0,122,10],
["gemmata spp.",7,51,6,103,61,3,1,73,12,5,5,4,6,2,3],
["prochlorococcus marinus",6,8,7,6,116,20,12,91,7,50,8,4,4,2,2],
["dasania spp.",44,20,79,50,8,11,6,15,6,14,4,15,30,37,13],
["dinoroseobacter spp.",9,9,10,41,11,48,24,40,5,128,6,4,3,7,8],
["ectothiorhodospira shaposhnikovii",12,102,25,76,90,4,0,29,2,5,2,2,0,3,2],
["thalassospira xiamenensis",30,13,88,17,52,1,2,21,8,0,18,25,50,19,15],
["sediminitalea flava",2,27,8,279,10,2,1,8,2,13,1,2,2,1,2],
["lentisphaera spp.",6,44,40,116,40,10,21,47,1,2,12,6,8,5,3],
["costertonia aggregata",1,45,2,92,101,3,2,99,3,3,0,3,1,7,1],
["ekhidna spp.",4,55,69,97,45,1,1,67,7,0,2,3,8,5,1],
["candidatus pelagibacter ubique",13,3,18,10,6,86,10,52,24,69,14,6,2,51,3],
["fibrobacter spp.",11,12,21,11,14,27,17,14,1,9,6,40,31,96,60],
["kangiella koreensis",97,55,57,24,28,3,2,48,7,4,3,21,12,5,7],
["marinosulfonomonas spp.",32,27,30,75,19,26,13,43,7,39,9,13,26,7,8],
["teredinibacter spp.",55,35,48,51,26,0,0,46,2,0,25,28,37,7,14],
["brc1 (candidate division)  brc1 (candidate division)",31,25,24,20,17,12,12,25,60,5,32,47,20,26,31],
["arthrobacter spp.",20,14,40,34,38,9,8,18,34,13,10,38,32,39,40],
["levilinea spp.",80,0,10,1,0,74,71,1,6,15,58,40,6,18,18],
["mesorhizobium spp.",48,14,64,25,16,3,3,37,9,8,86,30,24,15,17],
["labrys spp.",12,25,7,37,34,1,0,19,60,2,127,31,25,4,16],
["nkb19 (candidate division)  nkb19 (candidate division)",41,23,21,35,30,2,22,19,71,5,34,25,34,12,28],
["nitrosomonas spp.",18,54,11,60,110,3,4,52,6,0,3,9,9,67,11],
["amaricoccus spp.",12,37,49,104,69,0,1,55,3,1,26,10,34,10,8],
["marinoscillum furvescens",14,42,81,105,33,1,0,67,8,0,29,5,15,5,14],
["ulvibacter antarcticus",0,5,1,4,51,93,40,6,0,196,2,3,0,18,1],
["anabaena cylindrica",4,0,2,2,7,47,10,268,6,73,1,1,0,1,0],
["thermomonas spp.",9,26,9,29,14,4,4,14,37,2,179,28,46,6,20],
["galbibacter spp.",49,31,74,65,28,1,0,129,0,4,0,14,13,12,16],
["croceitalea spp.",71,0,2,2,0,13,17,1,0,12,0,13,13,171,129],
["pelobacter spp.",14,7,64,20,7,6,15,3,71,14,36,27,32,95,35],
["thiothrix spp.",49,43,25,32,32,10,10,18,42,9,25,44,39,44,25],
["roseobacter spp.",31,24,43,43,19,17,6,194,5,24,9,7,12,7,8],
["cerasicoccus spp.",22,29,76,39,31,2,3,33,16,3,32,36,60,45,23],
["kribbella spp.",19,22,7,23,25,2,4,7,180,1,97,17,29,4,13],
["muriicola muricola jejuensis",24,51,1,140,88,6,3,62,4,67,2,0,0,1,2],
["ahrensia spp.",25,39,73,76,38,16,21,47,24,21,8,15,24,16,12],
["nitriliruptor spp.",0,21,12,85,65,1,1,221,10,3,29,5,4,2,6],
["ruegeria spp.",13,60,23,37,8,10,6,134,7,11,54,32,45,8,24],
["leptolyngbya frigida",2,6,101,28,98,3,0,229,2,4,1,0,1,1,0],
["muricauda spp.",69,32,201,48,29,0,4,14,16,1,8,12,28,8,7],
["tamlana spp.",42,36,136,12,12,2,0,2,1,1,42,67,102,7,18],
["dehalococcoides mccartyi",14,0,0,0,0,4,185,0,181,1,2,74,3,10,7],
["aquimarina brevivitae",14,111,62,34,58,2,4,170,1,14,4,0,3,1,3],
["melitea spp.",30,40,66,82,35,1,1,95,9,4,34,25,42,12,15],
["dehalococcoides ethenogenes",34,0,0,0,0,2,81,0,199,6,36,96,8,18,19],
["ralstonia pickettii",32,11,28,25,22,32,32,34,45,44,46,33,44,42,30],
["marivita gaetbulicola byunsanensis",57,75,52,59,16,92,26,25,5,32,7,5,8,36,8],
["pelagicoccus albus",45,82,120,60,38,2,5,71,14,0,15,17,16,8,12],
["dermatophilus spp.",22,22,16,46,41,10,13,49,127,3,88,32,22,5,12],
["persicobacter spp.",22,37,41,19,22,3,4,43,34,5,45,50,138,10,39],
["paracoccus marinus",19,37,86,121,31,10,5,130,7,15,13,13,24,4,10],
["maribacter sedimenticola",24,10,385,15,31,0,1,3,0,2,6,16,9,16,9],
["psychroserpens spp.",23,30,137,51,67,14,15,31,3,77,4,22,21,18,20],
["alterococcus spp.",15,11,10,1,25,13,13,2,249,47,71,34,38,1,10],
["synechococcus elongatus",13,8,325,24,23,8,6,71,28,7,1,5,13,5,3],
["salisaeta longa",7,19,9,25,49,4,1,416,7,4,11,7,8,4,8],
["devosia spp.",36,30,98,31,19,5,2,45,34,5,105,41,75,13,41],
["desulfosalsimonas spp.",56,0,9,0,1,58,99,1,34,32,19,121,33,65,56],
["patulibacter spp.",4,42,8,53,110,5,4,149,33,6,135,16,11,7,1],
["formosa spp.",110,4,19,12,2,42,19,1,0,21,0,7,4,281,83],
["tm7 (candidate division)  tm7 (candidate division)",13,51,10,111,30,8,13,154,10,26,127,17,24,16,9],
["filomicrobium spp.",65,41,41,82,41,50,28,71,15,54,31,34,34,21,14],
["thiohalomonas denitrificans",0,130,1,276,137,1,2,49,26,3,1,1,5,1,2],
["loktanella hongkongensis",2,44,3,89,68,1,2,416,7,2,5,0,1,2,1],
["geothermobacter spp.",23,25,46,28,22,30,28,17,36,45,63,82,58,85,55],
["lentimonas spp.",37,66,99,127,21,48,28,38,32,21,25,29,31,50,10],
["peredibacter spp.",41,34,53,58,37,27,28,126,23,35,10,13,24,133,29],
["sphingomonas spp.",18,13,24,40,51,7,19,227,168,20,25,15,9,22,14],
["geobacter spp.",51,29,21,46,56,44,52,33,70,37,33,58,32,92,25],
["anaerolinea spp.",65,21,39,15,23,28,137,30,80,12,24,53,46,60,56],
["desulfuromusa spp.",45,5,167,8,7,17,31,7,12,12,104,28,77,118,65],
["leeuwenhoekiella spp.",86,1,94,1,1,2,0,1,1,2,45,80,96,112,189],
["coxiella spp.",27,43,36,134,61,14,11,86,92,24,82,30,39,14,18],
["tg3 (candidate division)  tg3 (candidate division)",51,8,30,2,0,26,8,0,8,28,16,116,91,193,137],
["thioalkalispira spp.",76,21,31,55,28,20,53,15,185,17,89,34,25,19,51],
["nitrospina spp.",6,21,3,130,20,16,24,153,187,19,3,26,9,55,48],
["marixanthomonas spp.",0,16,3,61,47,6,2,558,14,10,1,4,2,3,5],
["pedomicrobium spp.",48,45,14,40,77,4,3,116,192,13,49,49,36,49,14],
["polaribacter spp.",22,74,45,59,10,37,13,19,44,322,2,3,7,98,5],
["flavobacterium spp.",50,33,78,50,16,36,36,43,33,101,53,54,39,91,52],
["rubrobacter spp.",24,60,44,89,67,3,4,27,343,4,20,23,38,10,13],
["loktanella spp.",83,35,91,62,11,36,26,123,8,58,10,45,34,54,94],
["tropicimonas spp.",136,51,140,112,31,33,18,53,14,44,48,24,29,33,12],
["rhizobiales spp.",28,21,26,48,33,3,0,24,203,10,273,46,44,5,16],
["pelagibius spp.",48,64,101,97,70,4,2,66,82,3,75,33,95,9,33],
["wenxinia marina",6,77,107,235,155,2,1,189,13,2,15,3,6,1,2],
["desulfofustis spp.",29,2,1,3,0,252,180,1,5,312,3,6,2,25,1],
["thalassospira spp.",36,73,190,98,76,14,5,108,57,8,53,26,40,35,9],
["paludibacter spp.",191,0,7,1,0,0,47,2,9,4,49,346,25,84,78],
["sediminimonas spp.",40,58,166,69,69,16,1,250,20,5,36,49,47,15,8],
["rhodovulum spp.",135,33,64,45,32,20,39,16,166,10,112,62,49,34,34],
["pleurocapsa sp.",13,23,172,57,103,6,11,456,12,2,3,1,0,8,0],
["gn02 (candidate division)  gn02 (candidate division)",53,32,25,36,36,35,35,21,54,64,138,106,74,137,32],
["maribacter orientalis",153,56,433,52,46,0,2,12,14,7,23,22,11,23,29],
["salinibacter ruber",7,38,31,68,99,3,0,612,6,6,1,5,1,8,6],
["beggiatoa spp.",86,15,45,4,2,22,52,5,51,66,70,77,38,298,70],
["novosphingobium spp.",26,50,23,168,57,4,43,35,192,10,128,106,21,17,29],
["leisingera spp.",31,70,37,171,40,121,47,37,10,179,24,15,35,59,40],
["et_sho methylococcaceae bacterium",474,0,15,11,2,77,73,1,12,47,4,50,1,82,69],
["fluviicola spp.",60,39,86,45,28,60,32,70,22,72,66,58,66,182,43],
["oceanicola spp.",15,49,21,177,42,8,1,539,13,27,7,2,14,9,6],
["marinoscillum spp.",118,72,203,66,79,22,7,36,12,60,37,69,45,94,37],
["acanthopleuribacter spp.",54,134,167,102,91,2,13,66,39,6,23,81,77,74,57],
["victivallis spp.",65,20,121,23,16,68,67,12,14,34,34,84,39,316,75],
["op8 (candidate division)  op8 (candidate division)",80,7,5,13,9,34,215,39,133,11,24,127,72,132,94],
["roseicyclus mahoneyensis",52,213,19,164,247,10,5,215,14,11,18,7,11,13,14],
["aequorivita spp.",223,165,290,55,63,1,1,47,1,1,26,57,68,5,17],
["thiomicrospira chilensis",0,0,1,0,1,1,297,2,719,7,0,1,0,12,1],
["sneathiella spp.",160,56,203,57,33,3,3,21,86,2,97,135,94,29,72],
["anderseniella spp.",46,48,68,152,28,131,63,68,53,207,31,30,41,74,17],
["nitratireductor spp.",120,59,92,114,36,11,15,27,161,13,195,68,72,15,68],
["crocinitomix spp.",68,51,138,84,75,33,30,89,14,81,19,44,52,212,77],
["desulfatirhabdium spp.",92,1,4,1,2,161,283,0,43,28,169,122,22,98,63],
["halochromatium spp.",307,21,342,24,25,72,36,14,20,106,23,31,13,33,45],
["simplicispira spp.",87,52,58,64,55,5,100,39,246,3,97,168,51,48,54],
["candidatus_alysiosphaera spp.",18,55,92,104,91,2,7,117,29,1,568,22,27,9,7],
["nitrospira marina",89,312,39,173,252,1,1,183,23,3,17,45,46,6,24],
["maribacter goseongensis",112,149,202,203,256,4,1,214,20,18,2,16,17,21,14],
["fulvivirga spp.",34,16,58,11,5,147,105,25,82,499,62,28,35,95,51],
["chroococcidiopsis spp.",28,21,90,25,36,329,77,93,25,443,27,27,19,18,15],
["formosa crassostrea",83,110,172,128,122,34,20,125,6,246,10,18,33,141,27],
["maribacter spp.",294,53,61,219,34,102,75,31,4,325,1,22,10,31,44],
["sediminibacter spp.",69,48,37,81,27,20,27,171,76,39,173,180,147,89,164],
["kriegella aquimaris",18,306,32,294,271,1,0,307,13,5,3,33,40,4,27],
["desulforhopalus spp.",103,5,96,18,1,299,234,6,1,229,49,56,69,142,65],
["desulfobacterium spp.",131,0,15,3,1,95,366,3,83,54,77,240,73,81,166],
["cystobacterineae spp.",48,90,81,118,109,101,116,107,80,42,79,137,143,46,96],
["hormoscilla oscillatoria spongeliae",4,2,100,6,3,556,602,4,1,111,3,0,4,2,1],
["loktanella marincola",143,88,183,237,68,85,35,198,21,143,40,39,62,18,41],
["hgci_clade spp.",98,27,133,62,48,69,63,68,75,82,168,144,185,128,68],
["pseudoruegeria spp.",175,92,314,82,45,23,9,65,57,33,130,151,142,52,60],
["meniscus spp.",218,0,305,2,0,5,10,22,15,11,167,193,126,281,98],
["cryomorpha spp.",161,88,499,151,88,20,15,47,22,115,52,64,53,26,62],
["erythrobacter aquimaris",26,41,115,118,65,14,6,954,17,10,18,17,22,33,9],
["thiobacillus spp.",40,37,70,59,64,71,73,17,172,114,276,125,193,30,137],
["mariprofundus ferrooxydans",15,0,246,1,2,11,32,1,31,140,427,65,238,64,214],
["robiginitalea biformata",16,7,33,9,2,408,163,69,7,726,4,19,16,7,5],
["desulfobacterium anilini",203,3,37,4,6,51,298,1,232,22,96,269,63,91,134],
["tropicimonas marine metagenome",14,96,3,107,241,1,2,1005,29,6,2,6,2,3,3],
["azospira spp.",57,124,33,122,148,61,124,134,223,59,119,160,98,74,92],
["op3 (candidate division)  op3 (candidate division)",97,112,43,193,116,85,196,94,179,63,94,160,61,75,62],
["tenacibaculum spp.",142,134,228,241,130,57,18,239,38,86,42,23,26,208,35],
["aestuariicola spp.",22,77,26,68,8,156,75,82,0,222,136,90,73,424,251],
["marinifilum spp.",244,42,148,10,7,48,51,13,1,81,58,58,56,772,177],
["leptospirillum spp.",44,123,110,301,146,82,41,97,275,153,63,90,96,40,138],
["lutibacter spp.",141,14,45,47,18,35,32,9,4,109,4,79,45,1150,107],
["pirellula spp.",113,203,54,268,446,98,102,150,103,100,39,57,56,39,19],
["flexithrix spp.",83,90,185,90,217,4,4,421,30,5,210,140,235,56,244],
["sorangium spp.",83,27,146,41,26,276,163,27,53,448,377,115,150,60,55],
["rhodobium spp.",93,151,160,180,163,11,18,150,378,7,327,148,177,36,63],
["lewinella cohaerens",53,191,105,419,201,77,40,639,35,114,56,59,62,84,73],
["candidatus_microthrix spp.",59,343,55,509,338,32,15,530,120,68,109,66,39,19,18],
["ulvibacter spp.",47,167,256,163,363,20,20,690,25,29,34,69,30,239,195],
["roseovarius spp.",70,271,191,637,201,90,43,328,48,219,87,48,71,53,48],
["zeaxanthinibacter spp.",65,312,112,514,362,22,23,369,84,40,93,130,216,31,88],
["methylosinus spp.",270,185,183,311,299,30,36,572,129,90,135,93,67,31,37],
["gaetbulibacter spp.",73,122,116,30,32,305,184,14,27,1354,9,45,21,87,103],
["arcobacter spp.",827,19,161,27,14,188,272,77,48,271,20,71,30,403,126],
["escherichia_shigella spp.",190,72,76,129,87,67,207,29,673,40,181,332,154,187,167],
["caldilinea spp.",59,241,82,350,339,59,73,977,176,68,76,56,50,46,29],
["phycisphaera spp.",109,241,499,279,174,118,214,175,208,24,160,156,176,78,85],
["haliangium spp.",115,144,237,208,149,229,147,179,172,174,477,167,100,68,131],
["desulfopila spp.",701,4,1236,7,4,64,56,0,11,56,86,173,127,68,110],
["maritimimonas spp.",236,35,81,37,20,225,329,10,51,712,104,220,69,419,170],
["actibacter spp.",33,124,20,74,41,991,459,39,6,708,16,17,15,177,43],
["crenothrix spp.",95,113,71,217,74,680,408,97,29,547,22,28,23,354,45],
["flexibacter spp.",123,403,277,733,381,4,15,179,147,15,60,149,192,19,126],
["rhodothermus marinus",29,271,45,444,393,21,25,1110,145,30,103,62,57,64,107],
["parvularcula spp.",73,316,216,714,394,28,8,517,282,23,33,111,129,22,56],
["kangiella spp.",77,193,284,429,254,108,83,282,289,156,130,114,256,136,134],
["flexithrix dorotheae",248,185,608,577,234,11,19,373,73,33,245,108,107,36,90],
["pseudomonas spp.",73,82,50,115,49,301,158,70,414,835,211,78,92,162,260],
["muricola spp.",4,10,8,50,5,711,401,26,7,1766,1,10,3,4,4],
["planktothricoides raciborskii",5,1,2994,2,1,3,2,7,2,3,2,2,14,1,2],
["pleurocapsa spp.",42,210,136,102,774,23,11,1719,33,69,15,5,2,7,12],
["leptolinea spp.",303,426,126,401,499,48,110,388,315,97,110,176,79,41,81],
["coprothermobacter spp.",186,240,96,325,258,70,147,215,797,58,190,264,232,95,149],
["hymenobacter spp.",379,8,305,11,7,404,258,10,8,1369,97,156,69,178,68],
["rhizobium spp.",178,213,219,226,149,142,235,172,449,221,378,269,277,101,167],
["lewinella spp.",141,298,292,528,322,119,53,952,61,220,45,66,88,118,97],
["desulfococcus spp.",622,5,36,2,1,304,789,5,221,102,214,593,100,225,254],
["colwellia spp.",128,152,130,289,91,473,316,82,256,836,177,186,167,91,128],
["pseudospirillum spp.",167,356,325,433,294,50,24,450,218,59,276,219,325,164,198],
["nitrospira spp.",182,330,110,531,344,21,25,257,762,48,268,260,221,74,181],
["rhodobacter spp.",285,284,253,414,272,148,263,141,384,159,322,257,157,170,232],
["planctomyces spp.",106,476,163,934,666,42,35,608,208,59,150,101,119,37,42],
["wenxinia spp.",123,391,246,903,327,118,52,1084,53,166,168,55,132,34,83],
["desulfocapsa spp.",599,18,88,49,40,454,447,32,151,613,511,497,162,227,261],
["acidimicrobiales spp.",127,281,235,564,385,157,147,348,308,239,409,246,309,203,211],
["gn04 (candidate division)  gn04 (candidate division)",459,22,142,7,20,186,706,7,579,117,577,763,206,364,275],
["sorangiineae spp.",180,203,636,209,320,8,8,259,376,15,783,480,752,105,263],
["winogradskyella spp.",128,87,97,198,78,634,326,465,24,2376,27,39,34,99,71],
["cycloclasticus spp.",60,373,122,863,438,283,146,587,264,726,146,204,277,97,293],
["reichenbachiella spp.",362,151,529,144,128,362,226,364,210,523,475,407,476,297,385],
["candidatus_chloracidobacterium spp.",28,690,22,1162,748,17,16,2143,88,31,20,27,31,23,46],
["nitrosococcus spp.",246,294,209,585,375,337,166,301,866,551,537,313,438,216,149],
["desulfuromonas spp.",440,9,113,14,3,992,1173,9,298,669,499,540,270,275,297],
["mitochondria spp.",111,97,259,444,158,2663,908,101,56,884,16,21,24,28,12],
["blastopirellula spp.",206,767,133,1249,996,469,290,735,135,521,87,81,113,43,43],
["haliea spp.",1215,183,263,228,81,248,152,104,48,348,419,621,419,766,821],
["sulfurovum spp.",127,12,35,35,5,34,308,8,43,44,6,48,13,4902,344],
["robiginitalea spp.",676,31,121,69,22,570,419,22,136,441,375,964,306,1202,806],
["ksb1 (candidate division)  ksb1 (candidate division)",733,77,85,138,100,459,634,24,739,234,497,1170,613,570,890],
["leucothrix spp.",484,333,544,701,702,883,573,676,568,913,271,269,180,417,373],
["ws3 (candidate division)  ws3 (candidate division)",613,304,323,567,298,458,1061,224,1208,533,339,693,413,374,488],
["eudoraea spp.",10,20,14,134,38,2176,1541,45,8,4118,4,8,15,18,6],
["longilinea spp.",950,77,182,77,83,397,685,96,902,194,1470,1547,458,608,567],
["sulfurimonas spp.",2163,48,432,89,78,160,565,76,842,137,169,647,222,2015,696],
["acidovorax spp.",494,692,632,1100,833,115,694,961,1125,117,691,555,332,204,317],
["sufflavibacter spp.",449,653,1187,1263,635,181,125,1324,96,474,190,396,373,852,670],
["desulfobulbus spp.",920,57,146,134,38,930,1617,36,1089,1169,600,1087,298,1011,504],
["spirochaeta spp.",1161,21,222,26,22,577,1615,10,818,424,597,1354,606,1096,1179],
["ignavibacterium spp.",678,17,429,9,12,597,540,13,930,210,2943,1940,730,256,570],
["granulosicoccus spp.",607,853,415,1134,878,626,433,570,1041,577,923,625,565,205,464],
["owenweeksia spp.",765,673,759,706,497,413,331,506,192,617,486,846,489,1931,904],
["candidatus_thiobios spp.",1039,374,424,398,1707,943,671,978,755,1049,277,622,365,416,355],
["acidithiobacillus spp.",772,405,231,532,545,700,558,669,2156,1042,1225,970,411,523,739],
["defluviicoccus spp.",628,412,756,572,358,49,97,393,1720,75,4200,1057,933,242,404],
["desulfosarcina spp.",1762,13,62,35,8,3451,2720,11,111,3431,152,695,157,530,516],
["rhodopirellula spp.",781,2034,529,3600,3446,1181,867,1670,1060,1326,597,419,523,271,201],
["balneatrix spp.",761,358,2693,3118,450,6073,3142,629,193,4947,306,301,251,121,60],
["nannocystineae spp.",1609,800,4014,2770,535,11497,5756,779,388,11484,545,1082,1037,824,1639]
